y = [ 2.0 3.0 2.1 4.0 5.0 6.0 7.0 2.1 4.444 6.5 ];